[0]戦闘テスト
[1]四天王への挑戦
[2]
[3]VS銃型COMP使い(刹那)
[4]VS銃型COMP使い(未来)
[5]VSゲーム機型COMP使い/救世主
[6]VS 二人組の女
[7]元挑戦者(現空ファイル)
[8]唆す者
[9]									マーブルランド
[10]
[11]試みる者/罰する者
[12]いいやつだけど食いしん坊
[13]四大の御使い
[14]試合ランクＢ　ＶＳ 陰陽師の末裔
[15]ＶＳ ボウガン使いの男
[16]ＶＳ 飢えに狂った女
[17]退魔生徒会の逆襲
[18]								（マヨナカアリーナ）
[19]								エンブリオン
[20]								白の騎士
[21]								赤の騎士
[22]								黒の騎士
[23]								疫病の騎士
[24]								2014/1/30予約（20XXルート）
[25]
[26]
[27]
[28]
[29]
[30]
[31]
[32]
[33]
[34]
[35]
[36]
[37]
[38]
[39]
[40]
[41]
[42]
[43]
[44]
[45]
[46]
[47]
[48]
[49]
[50]
[51]
[52]
[53]
[54]
[55]
[56]
[57]
[58]
[59]
[60]
[61]
[62]
[63]
[64]
[65]
[66]
[67]
[68]
[69]
[70]
[71]
[72]
[73]
[74]
[75]
[76]
[77]
[78]
[79]
[80]
[81]
[82]
[83]
[84]
[85]
[86]
[87]
[88]
[89]
[90]								マガタマの守護者
[91]
[92]
[93]
[94]
[95]
[96]
[97]
[98]
[99]ランダムマッチ



本体未収録・収録待ち、MOD
[9]マーブルランド
[19]エンブリオン
[20]白の騎士
[21]赤の騎士
[22]黒の騎士
[23]疫病の騎士
[90]マガタマの守護者

[18]マヨナカアリーナ

